11110101111011111110011100111111
10111111101111111010100101010100
01110101000110001100000001000000
10100001000011000001001000000000
00000000000000101010000000010100
01111000011000011000110000000000
00000010101000000000000000111011
10000101010001000111010010011000
01000100010010110100100101010100
00011010110000000100000101000001
00011101000101010110100100111011
00100010011101000100000110000111
00001110110111001110000100100111
10011111000011100010010010100111
11010000111100010010010100110111
01000111000011111000101111010111
10100111001000100001011010111000
10111001000110001110111001011110
00111011011100001110001111100111
10110111001111110001110101111010
01111000111010011101011110011111
10011110110010110111001001111110
00111000111100000011101110101111
00001010111011011110001111100111
10100111000000000000010000000001
10100000000000011101101110011000
00001010000000010100000000000000
11100011110011111010011101011110
00011110010001100100011111011010
10111100111110001010000001111110
00001010000111000101001010101101
01001111101010001100100011010001
10100001011100111010010101110011
11110111011011110111111011100011
01101111110101111100100011111101
00110011010111000110100100111101
11111001000111111111011100011010
00011010101111100100011111101001
11010110111111011100100001001011
10010111000000000000000000000000
xxxx
11111000111111111111001111111111
01100000000000000000000000000010
11010000111111111111001000000000
11011111111111111111111111111101
11111110000000100000000000001000
00000000000000000000000000000000
00000000011111100000000000011100
11010000111111111111001000111111
11101111111111111111111111110111
11111000000000000111111111111111
00000101000000101000000000000000
01010000000000000000001110000010
11111111111111111000000000000000
00000000000000001000000000000000
11111111100000100000000010101000
01100000000000000001010000000010
